Experiment 1
___
1 116 139 0 0 0 13 88 25 13 20 6 9 10 10 7 4 6 9 3 5 2 2 1 4 3 1 2 0 0 1 0 0 0 0 1 0 0 0 1 0 0 0 0 0 1 0 0 0 0 
0 0 1 2 0 0 0 0 0 1 2 0 0 1 2 0 0 0 0 0 0 0 0 0 0 0 0 0 0 0 0 0 0 0 0 0 0 0 0 0 0 0 0 0 0 0 0 0 0 0 
0 0 20 35 22 19 14 17 27 27 21 23 22 21 23 12 18 19 20 11 13 9 14 10 11 9 7 6 4 4 5 3 3 3 6 0 2 2 1 2 1 1 0 0 3 0 0 0 3 1 
___
1 1 1 1 0 0 1 
Start Date: 0
1 116 139 0 0 0 0 0 0 0 0 0 0 0 0 0 0 0 0 0 0 0 0 0 0 0 0 0 0 0 0 0 0 0 0 0 0 0 0 0 0 0 0 0 0 0 0 0 0 0 
0 1 1 1 1 1 1 
Start Date: 5
1 13 88 25 13 20 6 9 10 10 7 4 6 9 3 5 2 2 1 4 3 1 2 0 0 1 0 0 0 0 1 0 0 0 1 0 0 0 0 0 1 0 0 0 0 
1 0 0 1 0 1 0 
Start Date: 10
1 0 0 0 0 0 0 0 0 0 0 0 0 0 0 0 0 0 0 0 0 0 0 0 0 0 0 0 0 0 0 0 0 0 0 0 0 0 0 0 
0 1 0 1 1 1 1 
Start Date: 15
1 0 0 0 0 0 0 0 0 0 0 0 0 0 0 0 0 0 0 0 0 0 0 0 0 0 0 0 0 0 0 0 0 0 0 
___
1 110 145 0 0 0 11 82 37 16 16 8 14 8 7 3 5 6 3 5 5 0 6 2 2 1 2 2 2 3 0 3 0 2 0 0 0 1 0 0 0 0 0 0 0 0 0 0 0 0 
0 0 0 1 1 1 0 0 0 0 1 1 1 0 0 0 0 0 0 0 0 0 1 0 0 0 1 0 0 0 0 0 0 0 0 0 0 0 0 0 0 0 0 0 0 0 0 0 0 0 
0 0 16 35 24 16 20 22 26 31 24 32 22 26 19 12 18 15 11 12 6 13 6 8 6 10 6 6 12 6 7 2 6 1 4 5 4 5 0 1 3 0 0 0 0 0 0 1 0 1 
___
1 1 1 1 0 0 1 
Start Date: 0
1 110 145 0 0 0 0 0 0 0 0 0 0 0 0 0 0 0 0 0 0 0 0 0 0 0 0 0 0 0 0 0 0 0 0 0 0 1 0 0 0 0 0 0 0 0 0 0 0 0 
0 1 1 1 1 1 1 
Start Date: 5
1 11 82 37 16 16 8 14 8 7 3 5 6 3 5 5 0 6 2 2 1 2 2 2 3 0 3 0 2 0 0 0 0 0 0 0 0 0 0 0 0 0 0 0 0 
1 0 0 1 0 1 0 
Start Date: 10
1 0 0 0 0 0 0 0 0 0 0 0 0 0 0 0 0 0 0 0 0 0 0 0 0 0 0 0 0 0 0 0 0 0 0 0 0 0 0 0 
0 1 0 1 1 1 1 
Start Date: 15
1 0 0 0 0 0 0 0 0 0 0 0 0 0 0 0 0 0 0 0 0 0 0 0 0 0 0 0 0 0 0 0 0 0 0 
___
1 120 135 0 0 0 11 99 35 11 11 11 8 6 10 2 6 5 6 1 5 5 4 3 3 2 1 1 1 1 0 1 0 0 1 0 0 0 0 1 0 0 1 0 0 0 0 0 0 1 0 0 0 0 
0 0 0 0 1 0 0 2 0 1 0 0 1 1 0 0 1 0 0 0 0 0 0 0 1 0 0 0 0 0 0 0 0 0 0 0 0 0 0 0 0 0 0 0 0 0 0 0 0 0 0 0 0 0 
0 0 17 29 28 32 21 21 26 28 27 27 19 21 12 21 13 13 9 21 12 11 9 8 15 9 3 7 4 3 6 1 2 3 1 1 2 1 3 0 2 1 3 1 1 1 1 0 1 0 2 0 0 2 
___
1 1 1 1 0 0 1 
Start Date: 0
1 120 135 0 0 0 0 0 0 0 0 0 0 0 0 0 0 0 0 0 0 0 0 0 0 0 0 0 0 0 0 0 0 0 0 0 0 0 0 0 0 0 0 0 0 0 0 0 0 0 0 0 0 0 
0 1 1 1 1 1 1 
Start Date: 5
1 11 99 35 11 11 11 8 6 10 2 6 5 6 1 5 5 4 3 3 2 1 1 1 1 0 1 0 0 1 0 0 0 0 1 0 0 1 0 0 0 0 0 0 1 0 0 0 0 
1 0 0 1 0 1 0 
Start Date: 10
1 0 0 0 0 0 0 0 0 0 0 0 0 0 0 0 0 0 0 0 0 0 0 0 0 0 0 0 0 0 0 0 0 0 0 0 0 0 0 0 0 0 0 0 
0 1 0 1 1 1 1 
Start Date: 15
1 0 0 0 0 0 0 0 0 0 0 0 0 0 0 0 0 0 0 0 0 0 0 0 0 0 0 0 0 0 0 0 0 0 0 0 0 0 0 
___
1 110 145 0 0 0 22 88 25 19 18 10 7 5 10 8 5 10 10 3 2 2 2 1 1 1 1 0 0 0 1 0 0 1 1 0 2 0 0 0 0 0 
0 0 0 0 0 0 0 1 1 0 0 0 0 1 0 0 0 0 0 0 0 0 0 1 0 0 1 0 0 0 0 1 0 0 0 0 0 0 0 0 0 0 
0 0 14 34 20 29 18 23 32 34 30 29 13 21 16 20 20 20 12 11 15 11 12 12 11 5 6 2 5 5 3 4 3 3 0 3 2 2 0 0 1 4 
___
1 1 1 1 0 0 1 
Start Date: 0
1 110 145 0 0 0 0 0 0 0 0 0 0 0 0 0 0 0 0 0 0 0 0 0 0 0 0 0 0 0 0 0 0 0 0 0 0 0 0 0 0 0 
0 1 1 1 1 1 1 
Start Date: 5
1 22 88 25 19 18 10 7 5 10 8 5 10 10 3 2 2 2 1 1 1 1 0 0 0 1 0 0 1 1 0 2 0 0 0 0 0 
1 0 0 1 0 1 0 
Start Date: 10
1 0 0 0 0 0 0 0 0 0 0 0 0 0 0 0 0 0 0 0 0 0 0 0 0 0 0 0 0 0 0 0 
0 1 0 1 1 1 1 
Start Date: 15
1 0 0 0 0 0 0 0 0 0 0 0 0 0 0 0 0 0 0 0 0 0 0 0 0 0 0 
___
1 112 143 0 0 0 14 93 29 14 18 7 15 9 7 7 3 3 7 6 2 2 3 0 4 3 1 1 0 2 1 0 1 1 0 0 0 0 0 0 0 0 0 0 0 
0 0 0 0 0 0 1 0 0 2 1 0 0 0 1 0 0 0 1 0 0 1 0 1 0 1 0 0 0 0 0 1 0 0 0 0 0 0 0 0 0 0 0 0 0 
0 0 13 29 33 21 22 20 27 31 24 26 18 26 21 15 16 23 14 12 11 7 10 7 13 6 5 4 6 6 6 6 2 2 2 2 2 1 4 1 1 1 1 1 1 
___
1 1 1 1 0 0 1 
Start Date: 0
1 112 143 0 0 0 0 0 0 0 0 0 0 0 0 0 0 0 0 0 0 0 0 0 0 0 0 0 0 0 0 0 0 0 0 0 0 0 0 0 0 0 0 0 0 
0 1 1 1 1 1 1 
Start Date: 5
1 14 93 29 14 18 7 15 9 7 7 2 3 7 6 2 2 3 0 4 3 1 1 0 2 1 0 1 1 0 0 0 0 0 0 0 0 0 0 0 
1 0 0 1 0 1 0 
Start Date: 10
1 0 0 0 0 0 0 0 0 0 0 0 0 0 0 0 0 0 0 0 0 0 0 0 0 0 0 0 0 0 0 0 0 0 0 
0 1 0 1 1 1 1 
Start Date: 15
1 1 0 0 0 0 0 0 0 0 0 0 0 0 0 0 0 0 0 0 0 0 0 0 0 0 0 0 0 0 
___
1 107 148 0 0 0 15 100 30 17 10 7 14 5 10 6 3 5 4 1 2 3 0 2 3 2 2 2 2 2 1 0 1 0 1 1 0 0 0 0 1 1 0 0 1 0 1 0 0 0 
0 0 0 0 1 0 0 0 0 0 0 1 0 0 0 0 1 1 0 0 0 0 0 0 0 0 0 0 0 0 0 0 0 0 0 0 0 0 0 0 0 0 0 0 0 0 0 0 0 0 
0 0 13 38 30 25 23 20 28 24 25 31 16 27 17 22 23 15 11 9 8 5 11 7 10 9 7 8 5 3 2 5 2 3 3 3 3 4 3 1 1 0 1 2 1 1 0 0 1 1 
___
1 1 1 1 0 0 1 
Start Date: 0
1 107 148 0 0 0 0 0 0 0 0 0 0 0 0 0 0 0 0 0 0 0 0 0 0 0 0 0 0 0 0 0 0 0 0 1 0 0 0 0 0 0 0 0 0 0 0 0 0 0 
0 1 1 1 1 1 1 
Start Date: 5
1 15 100 30 17 10 7 14 5 10 6 3 5 4 1 2 3 0 2 3 2 2 2 2 2 1 0 1 0 1 0 0 0 0 0 1 1 0 0 1 0 1 0 0 0 
1 0 0 1 0 1 0 
Start Date: 10
1 0 0 0 0 0 0 0 0 0 0 0 0 0 0 0 0 0 0 0 0 0 0 0 0 0 0 0 0 0 0 0 0 0 0 0 0 0 0 0 
0 1 0 1 1 1 1 
Start Date: 15
1 0 0 0 0 0 0 0 0 0 0 0 0 0 0 0 0 0 0 0 0 0 0 0 0 0 0 0 0 0 0 0 0 0 0 
___
1 122 133 0 0 0 14 83 31 14 17 11 10 12 7 6 2 7 8 4 4 2 2 1 2 3 1 0 2 0 1 0 0 1 0 0 0 3 1 1 1 0 0 0 0 0 0 0 0 
0 0 1 0 0 0 0 0 0 0 0 0 0 1 0 1 0 0 0 0 0 0 0 0 0 0 0 0 1 1 0 0 0 0 1 0 0 0 0 0 0 0 0 0 0 0 0 0 0 
0 0 15 30 19 19 25 22 24 29 25 26 30 23 19 16 22 19 14 11 13 9 12 7 8 3 4 5 7 6 3 3 2 4 2 3 5 3 4 4 3 0 0 0 2 0 0 0 2 
___
1 1 1 1 0 0 1 
Start Date: 0
1 122 133 0 0 0 0 0 0 0 0 0 0 0 0 0 0 0 0 0 0 0 0 0 0 0 0 0 0 0 0 0 0 0 0 0 0 0 0 0 0 0 0 0 0 0 0 0 0 
0 1 1 1 1 1 1 
Start Date: 5
1 14 83 31 14 17 11 10 12 7 6 2 7 8 4 4 2 2 1 2 3 1 0 2 0 1 0 0 1 0 0 0 3 1 1 1 0 0 0 0 0 0 0 0 
1 0 0 1 0 1 0 
Start Date: 10
1 0 0 0 0 0 0 0 0 0 0 0 0 0 0 0 0 0 0 0 0 0 0 0 0 0 0 0 0 0 0 0 0 0 0 0 0 0 0 
0 1 0 1 1 1 1 
Start Date: 15
1 0 0 0 0 0 0 0 0 0 0 0 0 0 0 0 0 0 0 0 0 0 0 0 0 0 0 0 0 0 0 0 0 0 
___
1 99 156 0 0 0 15 88 27 13 14 18 9 9 1 5 5 7 6 3 4 8 5 2 1 1 0 2 1 1 0 0 0 1 3 1 0 0 0 0 0 0 0 0 0 1 0 0 0 0 0 
0 0 0 1 0 0 0 0 1 1 2 1 0 0 1 0 1 0 1 0 0 2 1 1 0 0 0 0 0 0 0 0 0 0 0 1 0 0 0 0 0 0 0 0 0 0 0 0 0 0 0 
0 0 14 18 34 30 17 20 25 27 35 26 22 15 16 16 18 14 14 8 19 11 11 5 11 8 6 9 3 6 3 4 6 2 4 3 1 2 1 1 2 1 0 1 0 0 1 1 1 0 2 
___
1 1 1 1 0 0 1 
Start Date: 0
1 99 156 0 0 0 0 0 0 0 0 0 0 0 0 0 0 0 0 0 0 0 0 0 0 0 0 0 0 0 0 0 0 0 0 0 0 0 0 0 0 0 0 0 0 0 0 0 0 0 0 
0 1 1 1 1 1 1 
Start Date: 5
1 15 88 27 13 14 18 9 9 1 5 5 7 6 3 4 8 5 2 1 1 0 2 1 1 0 0 0 1 3 1 0 0 0 0 0 0 0 0 0 1 0 0 0 0 0 
1 0 0 1 0 1 0 
Start Date: 10
1 0 0 0 0 0 0 0 0 0 0 0 0 0 0 0 0 0 0 0 0 0 0 0 0 0 0 0 0 0 0 0 0 0 0 0 0 0 0 0 0 
0 1 0 1 1 1 1 
Start Date: 15
1 0 0 0 0 0 0 0 0 0 0 0 0 0 0 0 0 0 0 0 0 0 0 0 0 0 0 0 0 0 0 0 0 0 0 0 
___
1 102 153 0 0 0 17 95 27 18 20 6 5 9 8 5 7 8 2 8 1 3 4 1 1 1 0 1 1 0 1 0 0 2 0 1 0 0 0 0 0 0 0 0 0 0 
0 0 0 0 0 1 1 1 0 0 0 0 0 0 0 0 0 0 1 1 0 0 0 0 0 0 0 0 0 0 0 0 0 0 0 0 0 0 0 0 0 0 0 0 0 0 
0 0 7 41 26 26 20 23 34 30 28 26 21 19 16 21 18 12 19 15 16 5 8 8 6 4 6 7 7 6 3 4 3 2 4 1 0 0 4 3 1 0 0 2 0 2 
___
1 1 1 1 0 0 1 
Start Date: 0
1 102 153 0 0 0 0 0 0 0 0 0 0 0 0 0 0 0 0 0 0 0 0 0 0 0 0 0 0 0 0 0 0 0 0 0 0 0 0 0 0 0 0 0 0 0 
0 1 1 1 1 1 1 
Start Date: 5
1 17 95 27 18 20 6 5 9 8 5 7 7 2 8 1 3 3 1 1 1 0 1 1 0 1 0 0 2 0 1 0 0 0 0 0 0 0 0 0 0 
1 0 0 1 0 1 0 
Start Date: 10
1 0 0 0 0 0 0 0 0 0 0 0 0 0 0 0 0 0 0 0 0 0 0 0 0 0 0 0 0 0 0 0 0 0 0 0 
0 1 0 1 1 1 1 
Start Date: 15
1 0 1 0 0 0 0 1 0 0 0 0 0 0 0 0 0 0 0 0 0 0 0 0 0 0 0 0 0 0 0 
___
1 106 149 0 0 0 15 111 21 14 9 7 10 8 7 9 4 8 4 2 2 5 3 2 0 3 1 3 3 1 1 0 0 0 0 0 3 0 0 0 0 0 0 0 0 0 
0 0 0 0 0 0 0 0 0 0 0 1 0 0 0 0 0 0 0 0 0 0 0 0 0 0 0 0 0 0 0 0 0 0 0 0 0 0 0 0 0 0 0 0 0 0 
0 0 11 41 29 26 27 15 27 26 18 23 21 24 27 21 23 16 12 13 12 9 6 13 8 7 6 9 3 8 4 3 1 0 2 4 3 0 1 1 4 2 2 1 0 2 
___
1 1 1 1 0 0 1 
Start Date: 0
1 106 149 0 0 0 0 0 0 0 0 0 0 0 0 1 0 0 0 0 0 0 0 0 0 0 0 0 0 0 0 0 0 0 0 0 0 0 0 0 0 0 0 0 0 0 
0 1 1 1 1 1 1 
Start Date: 5
1 15 111 21 14 9 7 10 8 7 8 4 8 4 2 2 4 3 1 0 2 1 3 2 0 1 0 0 0 0 0 2 0 0 0 0 0 0 0 0 0 
1 0 0 1 0 1 0 
Start Date: 10
1 0 0 0 0 0 0 0 0 0 0 0 0 0 0 0 0 0 0 0 0 0 0 0 0 0 0 0 0 0 0 0 0 0 0 0 
0 1 0 1 1 1 1 
Start Date: 15
1 0 0 0 0 0 1 0 1 0 1 0 0 1 1 0 0 0 0 0 0 1 0 0 0 0 0 0 0 0 0 
___
