256
253
250
248
247
246
245
245
245
245
245
245
245
245
244
244
244
243
243
243
243
243
243
243
243
243
243
243
242
242
242
242
242
242
242
241
241
241
241
239
239
239
239
239
239
238
238
238
237
237
237
237
237
237
237
237
236
236
236
236
236
236
235
234
234
234
234
234
233
233
233
233
233
233
233
233
233
233
233
233
233
233
232
232
232
232
232
231
231
231
231
231
231
231
231
231
231
231
231
231
231
231
231
230
230
230
228
228
228
228
228
228
227
227
227
226
225
225
225
225
225
225
224
224
224
224
224
224
224
224
224
223
223
223
223
223
223
223
223
223
223
223
223
223
223
222
222
222
222
222
222
222
222
222
221
221
220
220
220
220
220
220
220
220
220
220
220
220
220
220
220
219
219
219
219
219
219
219
219
219
218
218
217
217
217
217
217
217
216
215
213
212
212
212
212
212
212
212
212
211
210
210
210
210
210
210
210
210
210
210
210
210
210
210
210
210
210
210
210
210
210
210
210
209
209
208
207
207
206
205
205
205
205
205
204
203
203
202
202
201
200
199
199
198
198
198
198
198
198
198
198
198
198
198
198
198
198
198
198
198
198
198
198
197
197
197
197
197
197
197
197
197
196
195
195
195
194
194
194
194
194
194
194
194
193
192
191
190
190
190
190
189
189
189
189
188
187
187
187
187
187
186
185
185
185
184
183
182
182
182
182
182
182
182
182
182
182
182
182
182
182
181
181
181
180
179
179
178
178
177
177
177
176
176
176
176
176
176
176
176
176
176
176
175
174
174
174
174
174
174
174
174
174
174
174
174
174
174
174
173
173
172
172
172
172
172
172
172
172
172
172
172
172
172
172
171
171
171
170
168
168
168
168
168
168
168
168
168
166
166
166
166
166
166
166
166
166
166
166
165
165
165
165
165
165
165
165
165
165
165
165
165
165
165
165
165
165
164
164
164
164
164
164
162
162
162
161
161
161
161
161
161
161
159
159
159
159
159
159
159
159
158
158
158
158
157
157
157
157
157
157
156
156
156
156
156
155
155
155
154
154
154
154
154
154
154
153
153
153
151
151
151
150
150
150
150
150
150
149
149
149
149
149
149
148
147
147
147
147
147
147
147
147
146
146
146
146
145
145
145
145
145
145
145
145
145
145
145
144
144
144
144
144
144
144
142
141
141
141
141
141
141
141
141
141
141
139
139
139
139
139
139
139
139
139
139
139
139
139
138
137
137
137
137
136
136
136
135
135
135
135
134
133
133
133
133
132
132
132
131
131
131
131
131
131
131
131
130
130
130
130
130
129
129
129
128
128
128
128
128
128
127
127
127
127
127
127
127
127
127
127
127
127
127
127
126
126
126
125
125
125
125
125
125
125
125
125
125
124
124
124
124
122
122
122
122
120
120
120
120
120
119
119
119
119
119
119
118
118
118
118
116
116
116
116
116
116
116
116
116
116
116
116
116
116
116
116
116
116
116
116
116
116
116
115
115
115
115
115
115
115
115
115
115
115
115
115
115
115
115
115
115
115
115
115
115
115
113
113
113
113
113
113
113
113
113
113
113
113
113
113
113
113
113
113
113
113
113
113
113
113
113
113
113
113
113
112
112
111
111
111
111
111
111
111
111
111
111
111
111
111
111
111
111
111
110
110
110
110
110
110
110
110
110
110
110
110
110
110
110
110
110
110
110
110
110
110
109
109
109
109
109
109
109
109
109
109
109
109
109
109
109
109
109
109
109
109
109
109
109
109
109
109
108
107
107
106
106
