1
1
112
143
0.5
16
47
27.5
32
22.5
25
20
10.5
12
10
7.5
4
6
6
6
4.5
6.5
3
3.5
7
7.5
4.5
2.5
3.5
4.5
3.5
2.5
2
1.5
2
2.5
2
3
2
1.5
1.5
1.5
2.5
2
0.5
2
1
1.5
1
1
2.5
1
1
1.5
1
2.5
0.5
2
1
1
3.5
2
2
3
3.5
2
1
2.5
2.5
2
0.5
1.5
2.5
2.5
1.5
1
0.5
2
1
1.5
0.5
0.5
2.5
2.5
1.5
1.5
2.5
1.5
3.5
2
1
1
0.5
0.5
0.5
1.5
2
1
1.5
1.5
1
1
0.5
1
0.5
1
2
3
1.5
3
1
1.5
1
1.5
1.5
4.5
0.5
1
2.5
2
1
1.5
1.5
1
0.5
1.5
2
0.5
1.5
2.5
1
1
1
1.5
1
1.5
2.5
0.5
1
2
3.5
3
2
2.5
2
1.5
0.5
1.5
1
0.5
0.5
0.5
1.5
0.5
0.5
1.5
2
1
0.5
2
0.5
1.5
1
0.5
0.5
1.5
1
1.5
1.5
0.5
1
1
1
1.5
1.5
0.5
0.5
0.5
0.5
2.5
1
1.5
2.5
0.5
2.5
0.5
1
2.5
2
0.5
0.5
1
0.5
2
0.5
1
0.5
1.5
0.5
0.5
0.5
0.5
1
0.5
1.5
0.5
1.5
1
0.5
0.5
0.5
1.5
0.5
1
0.5
1.5
0.5
1.5
1
1.5
0.5
1.5
1
0.5
0.5
2.5
1
2
0.5
0.5
