EXPERIMENT 1
___
1 108 146 5 32 44 24 29 22 15 16 18 6 16 7 8 3 4 7 2 3 3 3 2 2 2 0 
0 0 0 1 1 0 0 0 0 0 2 1 0 0 0 0 0 1 0 0 0 0 0 0 0 0 0 
0 1 18 39 26 25 35 30 23 29 30 16 31 16 20 16 10 19 12 21 10 7 10 8 6 7 8 
1 2 1 2 1 1 2 
Start Date: 01 108 146 0 0 0 17 14 12 4 7 10 4 14 6 6 2 3 5 2 1 2 3 2 2 2 0 
0 1 1 1 1 1 1 
Start Date: 11 0 3 14 13 3 8 3 3 0 0 0 0 0 0 0 0 1 0 0 0 0 0 0 0 0 
1 0 0 1 0 1 0 
Start Date: 21 2 13 17 0 0 0 1 0 0 0 0 0 0 0 0 0 0 2 1 0 0 0 0 0 
0 1 0 1 1 1 1 
Start Date: 31 5 11 4 6 7 7 9 8 2 2 1 2 1 1 1 0 0 0 0 0 0 0 0 
1 1 1 1 1 1 1 
Start Date: 41 3 0 1 0 0 0 0 0 0 0 0 0 0 0 0 0 0 0 0 0 0 0 
1 1 1 1 0 0 1 
Start Date: 51 0 0 0 0 0 0 0 0 0 0 0 0 0 0 0 0 0 0 0 0 0 
___
1 122 132 6 35 31 20 22 32 35 23 36 14 15 19 12 17 17 13 9 20 15 10 9 4 7 5 9 7 6 5 6 1 1 0 
0 0 0 0 0 0 0 0 2 0 0 0 1 2 0 0 0 1 0 0 0 0 0 0 0 1 0 0 0 1 0 0 1 0 0 
0 0 17 37 21 22 24 38 31 23 40 20 27 30 17 27 32 22 18 25 24 19 18 10 16 16 14 14 10 9 13 3 4 4 12 
2 3 2 4 1 3 3 
Start Date: 01 122 132 0 0 0 0 0 0 0 1 4 7 13 13 9 14 14 12 6 12 11 6 5 2 5 3 4 2 2 2 1 0 1 0 
0 1 1 1 1 1 1 
Start Date: 11 0 0 2 1 0 1 2 6 4 12 5 2 4 1 1 1 1 0 1 0 1 1 0 0 0 1 1 0 0 1 0 0 0 
1 0 0 1 0 1 0 
Start Date: 21 6 30 30 18 18 23 17 4 10 2 0 2 2 2 1 0 3 5 4 3 2 1 2 2 4 3 3 3 3 0 0 0 
0 1 0 1 1 1 1 
Start Date: 31 3 0 2 3 7 12 14 10 0 0 0 0 0 1 0 0 2 0 0 1 1 0 0 0 1 1 0 1 1 0 0 
1 1 1 1 1 1 1 
Start Date: 41 0 0 0 0 0 0 0 0 0 0 0 0 0 0 0 0 0 0 0 0 0 0 0 0 0 0 0 0 0 0 
1 1 1 1 0 0 1 
Start Date: 51 0 0 0 0 0 0 0 0 0 0 0 0 0 0 0 0 0 0 0 0 0 0 0 0 0 0 0 0 0 
___
1 111 143 4 27 33 17 21 26 27 30 17 23 16 16 26 10 8 12 8 10 11 4 10 5 5 5 8 3 1 4 1 0 
0 0 0 0 1 0 0 0 0 0 0 1 1 0 0 0 0 0 0 0 0 0 1 0 0 0 0 0 1 0 0 0 0 
0 0 13 29 27 17 27 31 33 36 23 31 21 21 36 20 18 19 17 19 14 10 18 13 12 13 18 13 7 12 7 8 5 
2 1 1 2 0 1 1 
Start Date: 01 111 143 0 0 0 0 0 0 0 1 0 0 0 2 0 1 0 1 0 1 0 0 0 0 0 0 0 0 0 0 0 0 
0 1 1 1 1 1 1 
Start Date: 11 0 1 7 12 4 8 9 7 9 3 11 8 9 13 8 6 9 3 7 9 4 9 5 3 5 6 3 1 3 1 0 
1 0 0 1 0 1 0 
Start Date: 21 3 13 16 12 13 14 15 17 9 8 6 4 10 0 2 1 1 1 0 0 1 0 1 0 2 0 0 1 0 0 
0 1 0 1 1 1 1 
Start Date: 31 7 3 0 0 3 5 3 5 4 2 1 3 1 0 1 4 1 2 0 0 0 1 0 0 0 0 0 0 0 
1 1 1 1 1 1 1 
Start Date: 41 2 1 0 0 0 0 0 0 0 0 0 0 0 0 0 0 0 0 0 0 0 0 0 0 0 0 0 0 
1 1 1 1 0 0 1 
Start Date: 51 0 0 0 0 0 0 0 0 0 0 0 0 0 0 0 0 0 0 0 0 0 0 0 0 0 0 0 
___
1 104 150 3 24 31 30 27 26 26 16 17 17 13 9 9 12 6 6 4 6 9 2 4 2 0 
0 0 0 0 0 0 0 1 0 2 1 1 0 0 0 0 0 2 0 0 0 1 0 0 0 0 
0 0 13 28 20 33 28 33 39 27 24 31 32 21 23 24 17 15 14 15 14 5 10 10 4 6 
1 2 1 2 1 1 2 
Start Date: 01 104 150 0 0 0 0 0 0 0 0 0 0 0 0 0 6 3 0 1 1 0 0 1 0 0 
0 1 1 1 1 1 1 
Start Date: 11 0 0 2 3 3 5 9 9 7 8 5 4 2 1 2 0 3 2 1 2 1 0 0 0 
1 0 0 1 0 1 0 
Start Date: 21 3 13 16 10 3 6 3 1 4 1 0 0 0 0 0 0 0 0 2 0 0 0 0 
0 1 0 1 1 1 1 
Start Date: 31 9 12 17 19 11 14 8 5 11 9 7 8 4 3 3 1 4 5 1 3 2 0 
1 1 1 1 1 1 1 
Start Date: 41 0 0 0 0 0 0 0 0 0 0 0 0 0 0 0 0 0 0 0 0 0 
1 1 1 1 0 0 1 
Start Date: 51 0 0 0 0 0 0 0 0 0 0 0 0 0 0 0 0 0 0 0 0 
___
1 115 139 5 27 41 24 22 28 18 20 22 17 19 20 15 11 16 11 8 8 10 5 11 10 6 7 11 4 3 8 3 5 3 3 3 2 2 3 0 
0 0 0 0 0 2 0 0 1 0 0 0 0 2 0 0 0 0 0 1 1 0 2 0 0 0 0 0 0 0 0 0 0 0 0 0 0 0 0 0 
0 0 16 31 30 27 31 29 19 24 26 21 26 25 27 22 26 18 14 18 18 10 19 22 13 12 15 10 5 15 11 14 6 7 10 9 8 7 3 2 
2 2 1 3 1 2 2 
Start Date: 01 115 139 0 0 0 12 10 12 8 9 7 4 15 13 13 7 13 5 6 7 7 3 9 6 3 4 3 2 2 2 0 2 1 1 1 0 1 0 0 
0 1 1 1 1 1 1 
Start Date: 11 0 2 8 8 0 0 2 2 2 2 1 0 0 0 1 1 0 0 0 0 0 0 0 0 0 0 0 0 0 0 0 0 0 0 0 0 0 0 
1 0 0 1 0 1 0 
Start Date: 21 3 15 19 10 6 6 3 4 3 0 0 0 2 2 1 4 0 1 0 2 2 1 1 2 5 2 1 4 0 2 0 2 1 2 0 2 0 
0 1 0 1 1 1 1 
Start Date: 31 4 14 2 6 8 5 5 10 12 4 7 0 1 1 2 2 0 3 0 0 3 2 1 3 0 0 2 3 1 2 0 1 0 1 1 0 
1 1 1 1 1 1 1 
Start Date: 41 0 0 0 0 0 0 0 0 0 0 0 0 0 0 0 0 0 0 0 0 0 0 0 0 0 0 0 0 0 0 0 0 0 0 0 
1 1 1 1 0 0 1 
Start Date: 51 0 0 0 0 0 0 0 0 0 0 0 0 0 0 0 0 0 0 0 0 0 0 0 0 0 0 0 0 0 0 0 0 0 0 
___
1 106 148 7 38 37 28 25 25 22 18 15 17 10 11 2 7 6 4 5 8 6 4 5 2 2 4 0 
0 0 0 0 0 0 0 0 1 1 0 1 0 0 0 0 0 0 0 0 0 0 0 0 0 0 0 0 
0 0 20 34 32 28 35 30 30 30 22 24 20 23 12 24 19 11 13 18 14 14 17 11 7 15 5 4 
1 2 2 2 1 1 2 
Start Date: 01 106 148 0 0 0 0 14 5 8 9 11 7 6 8 2 6 4 2 3 5 3 2 3 1 2 3 0 
0 1 1 1 1 1 1 
Start Date: 11 0 4 18 24 18 6 16 9 5 2 9 4 3 0 0 2 2 2 3 2 2 2 1 0 1 0 
1 0 0 1 0 1 0 
Start Date: 21 3 18 10 10 5 4 5 4 2 1 0 0 0 1 0 0 0 0 0 0 0 0 0 0 0 
0 1 0 1 1 1 1 
Start Date: 31 2 2 0 0 0 0 0 0 0 0 0 0 0 0 0 0 0 1 0 0 0 0 0 0 
1 1 1 1 1 1 1 
Start Date: 41 1 0 0 0 0 0 0 0 0 0 0 0 0 0 0 0 0 0 0 0 0 0 0 
1 1 1 1 0 0 1 
Start Date: 51 0 0 0 0 0 0 0 0 0 0 0 0 0 0 0 0 0 0 0 0 0 0 
___
1 112 142 5 20 46 21 28 26 26 30 17 24 19 22 11 27 10 12 17 10 8 12 9 12 11 12 6 6 4 4 4 5 3 2 4 3 2 2 1 1 0 
0 0 0 1 0 0 0 1 0 1 0 0 0 0 0 0 1 0 0 0 0 0 0 0 0 0 0 0 1 0 1 0 0 0 0 0 1 0 0 0 0 0 
0 0 13 25 36 24 27 29 27 36 23 27 23 29 21 37 21 18 23 15 18 18 20 21 16 21 14 22 7 15 8 9 14 11 5 7 7 6 5 2 3 3 
4 3 3 4 1 3 3 
Start Date: 01 112 142 0 0 36 15 23 24 17 21 0 16 16 16 5 10 9 6 9 4 4 10 5 7 3 0 1 3 1 0 2 2 0 1 0 1 0 1 0 0 0 
0 1 1 1 1 1 1 
Start Date: 11 0 2 5 0 1 0 0 1 1 1 1 0 0 0 0 0 0 0 0 0 0 0 0 0 0 0 0 0 0 0 0 0 0 0 0 0 0 0 0 0 
1 0 0 1 0 1 0 
Start Date: 21 3 11 8 1 0 1 2 6 6 7 1 3 4 9 1 5 7 4 4 2 4 4 5 12 5 3 1 4 1 2 2 1 4 2 2 1 1 0 0 
0 1 0 1 1 1 1 
Start Date: 31 4 2 3 3 1 6 2 7 0 2 3 2 8 0 1 1 2 0 0 0 1 3 0 0 0 2 0 1 1 1 0 0 0 0 0 0 1 0 
1 1 1 1 1 1 1 
Start Date: 41 0 1 2 0 0 0 3 0 0 0 0 0 0 0 0 0 0 0 0 0 0 0 0 0 0 0 0 0 0 0 0 0 0 0 0 0 0 
1 1 1 1 0 0 1 
Start Date: 51 0 0 0 0 0 0 0 0 0 0 0 0 0 0 0 0 0 0 0 0 0 0 0 0 0 0 0 0 0 0 0 0 0 0 0 0 
___
1 102 152 1 18 52 20 26 35 30 24 14 16 23 17 11 18 12 5 9 5 8 7 10 5 2 5 4 3 3 2 4 2 3 2 1 0 
0 0 0 0 0 1 0 0 3 0 2 0 0 1 0 1 0 0 1 0 0 1 0 0 0 0 0 0 0 1 0 0 0 0 0 0 0 
0 0 17 24 33 20 28 37 34 35 22 22 33 29 24 28 26 18 19 12 14 16 16 14 9 12 10 4 10 7 5 9 5 4 4 8 3 
2 2 1 3 1 2 2 
Start Date: 01 102 152 1 0 39 10 11 12 6 4 3 3 2 0 2 2 0 0 3 0 4 3 3 3 2 3 2 0 1 2 1 2 0 2 1 0 
0 1 1 1 1 1 1 
Start Date: 11 0 0 0 0 0 0 0 0 0 0 0 0 0 0 0 0 0 0 0 0 0 0 0 0 0 0 0 0 0 0 0 0 0 0 0 
1 0 0 1 0 1 0 
Start Date: 21 0 12 3 4 1 2 2 4 4 1 3 2 1 2 2 1 2 1 1 0 0 0 0 1 0 1 1 0 3 0 0 0 0 0 
0 1 0 1 1 1 1 
Start Date: 31 6 10 6 14 21 22 16 7 12 18 15 8 14 10 4 4 4 3 4 7 2 0 1 2 2 1 0 0 0 3 0 0 0 
1 1 1 1 1 1 1 
Start Date: 41 0 0 0 0 0 0 0 0 0 0 0 0 0 0 0 0 0 0 0 0 0 0 0 0 0 0 0 0 0 0 0 0 
1 1 1 1 0 0 1 
Start Date: 51 0 0 0 0 0 0 0 0 0 0 0 0 0 0 0 0 0 0 0 0 0 0 0 0 0 0 0 0 0 0 0 
___
1 116 138 4 26 47 28 19 29 20 14 22 6 10 8 8 2 8 7 6 3 3 3 3 2 1 1 3 1 1 0 
0 0 0 0 0 0 0 0 1 0 0 0 0 0 0 1 1 0 0 0 0 0 0 0 0 0 0 0 0 0 0 
0 1 17 34 28 29 24 34 30 23 35 16 15 23 25 19 26 21 13 12 15 13 11 8 8 4 7 3 4 3 4 
1 2 1 2 1 1 2 
Start Date: 01 116 138 1 0 0 19 18 19 18 9 12 0 5 4 5 1 4 5 3 1 0 3 2 2 1 1 2 0 1 0 
0 1 1 1 1 1 1 
Start Date: 11 0 0 0 0 0 0 0 0 0 0 0 0 0 0 0 0 0 0 0 0 0 0 0 0 0 0 0 0 0 
1 0 0 1 0 1 0 
Start Date: 21 3 19 15 0 0 0 0 0 2 0 0 0 0 0 0 1 0 0 0 0 0 0 0 0 0 0 0 0 
0 1 0 1 1 1 1 
Start Date: 31 7 26 8 1 10 2 5 8 5 5 4 3 1 4 1 3 2 3 0 1 0 0 0 1 1 0 0 
1 1 1 1 1 1 1 
Start Date: 41 6 1 0 0 0 0 0 1 0 0 0 0 0 0 0 0 0 0 0 0 0 0 0 0 0 0 
1 1 1 1 0 0 1 
Start Date: 51 0 0 0 0 0 0 0 0 0 0 0 0 0 0 0 0 0 0 0 0 0 0 0 0 0 
___
1 114 140 6 37 43 32 22 25 20 15 13 18 12 19 14 6 5 6 11 4 2 6 6 8 5 4 10 1 3 2 3 2 0 
0 0 0 1 0 0 0 1 0 0 1 1 0 1 1 0 0 1 1 0 1 0 0 0 0 0 0 1 0 0 0 0 0 0 
0 1 21 32 36 33 24 31 31 21 23 31 27 29 23 17 17 17 19 12 7 11 14 14 12 6 15 6 7 7 3 7 7 5 
2 2 2 3 1 2 2 
Start Date: 01 114 140 0 0 0 0 0 0 0 3 2 11 10 9 7 3 2 1 7 3 0 1 6 5 3 1 4 0 1 1 1 2 0 
0 1 1 1 1 1 1 
Start Date: 11 0 2 12 13 5 9 9 8 6 5 3 1 5 5 1 1 1 0 0 0 0 0 0 0 0 0 1 0 0 0 0 0 
1 0 0 1 0 1 0 
Start Date: 21 4 16 22 15 6 6 5 1 1 1 1 2 0 2 1 1 0 0 2 2 0 1 0 3 4 0 1 0 0 0 0 
0 1 0 1 1 1 1 
Start Date: 31 9 8 12 7 10 7 5 5 3 0 3 2 0 1 3 4 1 0 3 0 2 2 0 2 0 1 1 2 0 0 
1 1 1 1 1 1 1 
Start Date: 41 0 0 0 0 0 0 0 0 0 0 0 0 0 0 0 0 0 0 0 0 0 0 0 0 0 0 0 0 0 
1 1 1 1 0 0 1 
Start Date: 51 0 0 0 0 0 0 0 0 0 0 0 0 0 0 0 0 0 0 0 0 0 0 0 0 0 0 0 0 
___
