Experiment 1
__
1 1 107 148 0 0 0 0 24 40 43 19 25 13 17 18 14 4 10 8 5 9 9 7 7 7 4 3 4 3 0 1 1 6 0 6 3 3 3 2 3 1 3 1 2 0 4 0 2 2 0 2 1 0 3 1 0 2 1 2 0 0 1 1 1 3 1 3 1 0 2 0 1 1 2 1 0 3 2 0 0 0 2 1 2 0 1 1 0 0 0 1 2 1 2 0 0 2 0 1 2 1 1 0 0 0 1 0 
0 0 0 0 0 0 0 0 0 0 1 1 0 0 0 0 0 1 0 0 0 1 0 1 0 1 0 0 0 0 1 0 0 0 0 0 0 0 0 0 0 0 0 0 0 0 0 0 0 0 0 0 0 0 0 0 0 0 0 0 0 0 0 0 0 0 0 0 0 0 0 0 0 0 0 0 0 0 0 0 0 0 0 0 0 0 0 0 0 0 0 0 0 0 0 0 0 0 0 0 0 0 0 0 0 0 0 0 0 0 
0 0 0 12 32 24 27 22 14 19 27 18 22 23 22 25 27 20 26 14 16 10 20 16 8 10 11 7 10 5 8 2 11 4 4 6 8 2 5 5 4 8 5 3 1 2 1 1 4 2 3 2 1 0 1 1 3 0 2 0 2 2 1 1 2 3 1 0 3 3 0 2 2 0 0 0 3 1 0 2 1 0 1 1 1 1 1 0 1 2 1 1 0 1 2 3 0 0 0 0 1 2 2 2 2 1 1 0 1 1 
___
*577+-
1 1 1 1 0 0 1 
Start Date: 0
1 107 148 0 0 0 0 1 2 1 1 0 0 0 0 1 0 1 0 0 0 0 0 0 0 1 1 0 0 0 0 0 2 0 0 0 0 0 0 0 0 0 0 0 0 0 0 0 0 0 0 0 0 0 0 0 0 0 0 0 0 0 0 0 0 0 0 0 0 0 0 0 0 0 0 0 0 0 0 0 0 0 0 0 0 0 0 0 0 0 0 0 0 0 0 0 0 0 0 0 0 0 0 0 0 0 0 0 0 
0 1 1 1 1 1 1 
Start Date: 5
0 0 0 0 0 23 38 42 18 25 12 11 8 9 4 3 2 2 2 2 3 3 3 3 0 2 0 0 1 1 0 0 1 2 1 1 1 0 0 1 1 1 0 1 0 0 0 0 1 0 0 0 0 0 0 0 1 0 0 1 1 0 0 0 0 0 0 0 0 0 0 0 0 0 0 0 0 0 0 0 0 0 0 0 0 0 0 0 0 0 0 0 0 0 0 0 0 0 0 0 0 0 0 0 0 0 0 
1 0 0 1 0 1 0 
Start Date: 10
0 0 0 0 0 0 0 0 0 0 1 6 10 4 0 6 5 2 2 3 1 2 3 0 0 1 3 0 0 0 2 0 2 1 1 2 1 2 0 2 0 1 0 3 0 2 2 0 1 1 0 3 1 0 2 1 1 0 0 0 0 1 3 1 3 1 0 2 0 1 1 2 1 0 3 2 0 0 0 2 1 2 0 1 1 0 0 0 1 2 1 2 0 0 2 0 1 2 1 1 0 0 0 1 0 0 0 
0 1 0 1 1 1 1 
Start Date: 15
0 0 0 0 0 0 0 0 0 0 0 0 0 0 0 0 1 1 5 4 3 2 1 0 2 1 0 0 0 0 2 0 3 0 1 0 0 1 1 0 0 0 0 0 0 0 0 0 0 0 0 0 0 0 0 0 0 0 0 0 0 0 0 0 0 0 0 0 0 0 0 0 0 0 0 0 0 0 0 0 0 0 0 0 0 0 0 0 0 0 0 0 0 0 0 0 0 0 0 0 0 0 0 0 0 0 0 
*577+-
___
1 1 102 153 0 0 0 0 14 46 39 25 14 19 23 14 7 9 14 6 9 3 6 3 7 4 2 4 7 4 1 3 5 5 3 0 4 2 3 1 2 2 1 6 4 2 2 2 2 2 5 0 3 0 0 2 3 2 0 1 3 3 2 1 0 2 0 0 1 2 2 1 1 3 0 0 2 3 2 0 1 0 2 0 1 2 1 0 2 1 1 3 1 3 0 2 0 0 0 2 3 0 2 2 1 0 3 2 3 1 1 0 0 0 0 2 3 0 2 0 1 0 0 0 0 3 3 0 0 1 3 2 0 1 1 0 1 0 2 0 3 2 0 1 0 1 1 0 2 1 2 2 0 2 2 3 1 0 1 4 1 1 0 2 1 0 1 2 1 0 1 2 0 0 0 2 0 0 2 3 1 1 0 2 1 1 0 1 0 1 1 0 1 3 2 1 1 1 0 1 0 1 1 0 3 0 0 5 1 1 1 1 2 0 1 2 0 0 0 0 0 0 0 0 0 0 0 3 1 1 1 0 0 2 1 2 3 3 0 3 0 0 4 0 1 2 3 1 0 0 1 0 0 5 0 1 1 0 0 3 2 2 0 1 2 0 0 0 3 1 1 3 1 0 0 1 0 0 1 2 1 0 0 2 2 0 1 3 0 0 2 1 2 1 2 0 1 0 1 0 1 0 2 0 0 2 1 5 1 2 0 3 1 0 0 1 0 0 1 2 0 1 1 2 3 0 0 1 1 2 2 2 2 1 0 1 0 0 3 4 1 1 0 0 2 1 1 0 1 1 2 0 2 1 3 2 1 0 1 2 0 0 2 1 1 2 1 3 0 1 1 3 1 1 2 0 1 1 3 0 0 2 3 3 0 1 0 3 2 1 0 0 1 0 2 1 2 0 0 2 2 2 2 1 1 2 1 0 0 0 1 1 0 1 0 1 1 2 0 3 0 0 1 0 3 1 0 1 1 1 1 0 1 2 1 0 0 0 0 1 3 0 3 4 2 0 1 1 1 1 3 1 0 2 2 1 2 2 1 0 2 2 0 0 2 3 1 2 3 2 1 4 5 0 3 0 1 2 0 1 2 1 0 0 0 1 0 0 3 1 0 1 0 2 1 0 2 0 1 2 1 2 2 1 3 2 1 2 2 0 3 0 3 1 1 1 2 1 4 0 4 2 3 3 0 1 2 3 1 2 3 0 0 0 1 2 0 1 0 1 0 1 2 0 2 1 0 2 1 1 0 3 0 1 1 1 1 0 3 1 1 0 2 2 4 1 2 0 0 3 0 1 2 0 2 1 1 0 1 0 0 1 1 2 1 2 1 3 1 0 1 3 1 1 1 1 0 4 2 4 3 0 0 1 2 1 1 3 2 1 3 0 0 1 0 0 1 1 1 1 0 1 0 1 3 2 0 1 1 1 0 1 3 1 2 0 2 1 1 1 3 2 3 0 3 0 1 0 3 1 1 0 2 6 2 2 2 2 4 0 0 0 0 1 1 3 2 2 0 1 1 1 2 5 1 3 2 1 0 1 4 3 2 3 1 1 0 2 2 0 0 3 0 1 2 0 4 2 2 0 2 1 0 3 2 1 0 1 3 1 5 4 0 3 5 1 1 3 1 2 0 3 2 1 1 2 1 1 1 4 1 0 1 0 2 2 0 1 0 0 2 2 2 0 2 1 1 5 2 0 0 4 2 0 0 3 1 1 0 2 0 0 2 0 3 1 0 1 0 2 1 4 1 3 0 1 3 0 2 2 0 1 1 2 1 0 2 0 1 0 2 2 1 0 0 1 4 1 2 0 0 3 1 2 1 2 3 0 0 1 1 1 1 2 0 0 0 1 1 0 1 2 1 3 0 0 2 0 4 0 2 1 1 1 1 4 0 3 0 2 0 2 0 2 1 0 1 0 1 1 1 2 2 0 2 1 3 2 1 2 1 1 2 1 2 0 2 5 2 0 0 1 2 1 2 2 0 1 3 3 2 2 1 0 1 0 0 2 2 1 3 3 1 0 3 1 2 5 1 1 2 1 1 3 1 5 0 4 3 2 2 4 1 2 3 2 2 0 2 4 2 2 2 0 3 1 1 2 3 2 1 3 4 1 1 0 0 1 2 2 1 1 0 0 0 0 0 0 2 3 2 2 1 4 0 1 0 0 0 4 1 2 1 2 0 1 0 3 2 0 0 5 2 2 6 2 0 3 3 1 4 2 1 1 0 1 1 1 0 2 2 3 1 2 0 2 1 1 1 2 3 0 
0 0 0 1 1 0 1 1 0 0 0 0 0 0 0 0 0 0 0 1 1 0 0 0 0 0 0 0 0 0 0 0 0 0 0 0 0 0 0 0 0 0 0 0 0 1 0 0 0 0 0 0 0 0 0 0 0 0 0 0 0 0 0 0 0 0 0 0 0 0 0 0 0 0 0 0 0 0 0 0 0 0 0 0 0 0 0 0 0 0 0 0 0 0 0 0 0 0 0 0 0 0 0 0 0 0 0 0 0 1 0 0 0 0 0 0 0 0 0 0 0 0 0 0 0 0 0 0 0 0 0 0 0 0 0 0 0 0 0 0 0 0 0 0 0 0 0 0 0 0 0 0 0 0 0 0 0 0 1 0 0 0 0 0 0 0 0 0 0 0 0 0 0 0 0 0 0 0 0 0 0 0 0 0 0 0 0 0 0 0 0 0 0 0 0 0 0 0 0 0 0 0 0 0 0 0 0 0 0 0 0 0 0 0 0 0 0 0 0 0 0 0 0 0 0 0 0 0 0 0 0 0 0 0 0 0 0 0 0 0 0 0 0 0 0 0 0 0 0 0 0 0 0 0 0 0 0 0 1 0 0 0 0 0 0 0 0 0 0 0 0 0 0 0 0 0 0 0 0 0 0 0 0 0 0 0 0 0 0 0 0 0 0 0 0 0 0 0 0 0 0 0 0 0 0 0 0 0 0 0 0 0 0 0 0 0 0 0 0 0 0 0 0 0 0 0 0 0 0 0 0 0 0 0 0 0 0 0 0 0 0 0 0 0 0 0 0 0 0 0 0 0 0 0 0 0 0 0 0 0 0 0 0 0 0 0 0 0 0 0 0 0 0 0 0 0 0 0 0 0 0 0 0 0 0 0 0 0 0 0 0 0 0 0 1 0 0 0 0 0 0 0 0 0 0 0 0 0 0 0 0 0 0 0 0 0 0 0 0 0 0 0 0 0 0 0 0 0 0 0 0 0 0 0 0 0 0 0 0 0 0 0 0 0 0 0 0 0 0 0 0 0 0 0 0 0 0 0 0 0 0 0 0 0 0 0 0 0 0 0 0 0 0 0 0 0 0 0 0 0 0 0 0 0 0 0 0 0 0 0 0 0 0 0 0 0 0 0 0 0 0 0 0 0 0 0 0 0 0 0 0 0 0 0 0 0 0 0 0 0 0 0 0 0 0 0 0 0 0 0 0 0 0 0 0 0 0 0 0 0 0 0 0 0 0 0 0 0 0 0 0 0 0 0 0 0 0 0 0 0 0 0 0 0 0 0 0 0 0 0 0 0 0 0 0 0 0 0 0 0 0 0 0 0 0 0 0 0 0 0 0 0 0 0 0 0 0 0 0 0 0 0 0 0 0 0 0 0 0 0 0 0 0 0 0 0 0 0 0 0 0 0 0 0 0 0 0 0 0 0 0 0 0 0 0 0 0 0 0 0 0 0 0 0 0 0 0 0 0 0 0 0 0 0 0 0 0 0 0 0 0 0 0 0 0 0 0 0 0 0 0 0 0 0 0 0 0 0 0 0 0 0 0 0 0 0 0 0 0 0 0 0 0 0 0 0 0 0 0 0 0 0 0 0 0 0 0 0 0 0 0 0 0 0 0 0 0 0 0 0 0 0 0 0 0 0 0 0 0 0 0 0 0 0 0 0 0 0 0 0 0 0 0 0 0 0 0 0 0 0 0 0 0 0 0 0 0 0 0 0 0 0 0 0 0 0 0 0 0 0 0 0 0 0 0 0 0 0 0 0 0 0 0 0 0 0 0 0 0 0 0 0 0 0 0 0 0 0 0 0 0 0 0 0 0 0 0 0 0 0 0 0 0 0 0 0 0 0 0 0 0 0 0 0 0 0 0 0 0 0 0 0 0 0 0 0 0 0 0 0 0 0 0 0 0 0 0 0 0 0 0 0 0 0 0 0 0 0 0 0 0 0 0 0 0 0 0 0 0 0 0 0 0 0 0 0 0 0 0 0 0 0 0 0 0 0 0 0 0 0 0 0 0 0 0 0 0 0 0 0 0 0 0 0 0 0 0 0 0 0 0 0 0 1 0 0 0 0 0 0 0 0 0 0 0 0 0 0 0 0 0 0 0 0 0 0 0 0 0 0 0 1 0 0 0 0 0 0 0 0 0 0 0 0 0 0 0 0 0 0 0 0 0 0 0 0 0 0 0 0 0 0 0 0 0 0 0 0 0 0 0 0 0 0 0 0 0 0 0 0 0 0 0 0 0 0 0 0 0 0 0 0 0 
0 0 1 11 31 24 16 25 20 11 21 31 30 21 15 20 21 23 14 15 18 16 16 11 15 11 10 10 6 8 13 7 5 6 6 5 5 4 3 2 2 6 2 3 4 2 3 5 2 3 3 3 4 4 1 3 2 1 4 0 0 3 1 1 3 3 1 1 4 1 1 1 2 5 2 1 1 1 0 0 1 1 0 1 1 2 3 1 0 2 1 0 2 4 1 1 1 1 1 0 0 1 4 2 0 1 2 1 2 4 4 0 0 1 0 2 0 3 0 2 0 2 0 1 0 1 1 0 1 0 1 3 0 0 1 1 2 1 0 2 1 1 3 0 0 3 1 0 0 0 1 1 1 0 1 3 1 2 1 2 2 1 2 1 1 0 0 1 0 3 1 0 0 2 1 1 0 2 1 2 3 1 0 1 0 0 1 0 2 1 0 1 1 1 0 0 1 0 0 1 0 1 0 1 1 1 0 1 3 2 5 1 0 1 4 0 0 3 1 0 1 0 0 2 0 1 0 0 0 0 0 3 1 0 1 3 1 1 1 2 4 1 1 0 0 1 0 2 2 1 1 2 0 3 1 0 0 2 0 1 3 1 5 0 0 1 0 0 2 1 1 1 0 1 2 0 1 0 0 0 0 2 1 1 0 0 3 0 1 1 1 2 3 0 0 0 1 1 1 3 3 2 0 1 1 0 1 0 0 2 2 2 4 0 0 0 2 0 0 0 0 1 2 1 2 2 1 0 2 1 1 1 2 4 0 1 1 2 1 1 1 0 3 0 3 1 1 1 1 1 0 1 0 2 0 0 3 2 3 1 2 0 1 2 1 1 0 2 1 0 1 1 1 3 0 1 3 0 2 2 1 1 1 0 1 0 0 0 4 0 2 1 2 3 1 1 1 0 0 2 1 1 1 2 2 2 1 3 1 1 0 2 0 1 1 1 0 2 0 0 1 0 3 1 0 0 0 2 0 1 1 0 0 3 1 2 3 0 1 0 0 0 1 0 2 2 1 2 1 2 0 1 0 0 2 0 3 1 2 3 3 1 2 0 2 0 2 0 2 3 2 1 1 2 1 3 1 1 1 0 3 3 2 1 0 0 1 1 0 1 1 0 1 0 3 1 0 0 1 1 1 4 0 2 2 3 1 3 1 1 2 2 2 3 0 3 1 3 1 2 2 1 2 3 1 0 2 0 3 2 1 2 1 1 1 2 0 1 1 0 2 0 0 1 1 4 1 1 1 3 1 0 0 2 1 1 3 0 2 0 3 0 2 0 1 0 4 1 1 1 0 1 2 1 1 0 1 0 1 1 1 1 0 1 0 2 0 2 0 0 2 0 1 1 1 4 0 3 0 2 3 1 1 1 2 0 2 2 2 1 2 2 4 1 2 0 3 0 0 1 2 1 1 1 2 0 2 2 2 0 0 0 0 2 3 1 1 1 1 2 2 4 2 0 1 0 0 1 2 1 0 1 1 1 0 1 2 1 4 2 6 2 5 2 0 0 2 2 0 2 1 1 1 1 3 4 1 1 2 1 1 3 2 3 2 2 0 3 3 1 3 0 1 0 1 2 1 1 0 1 0 1 2 0 1 1 0 4 1 2 1 3 0 3 2 4 3 2 1 1 1 1 3 2 2 0 2 3 3 2 3 2 3 2 0 1 5 0 0 2 0 1 0 1 1 1 2 1 2 1 2 1 2 0 1 3 0 0 1 0 2 0 1 1 0 1 4 4 0 1 0 1 4 1 4 1 0 0 4 1 1 0 3 1 0 2 1 2 1 1 2 0 2 0 0 2 0 1 3 1 0 5 0 2 0 1 4 1 2 2 1 1 2 0 1 1 2 2 0 0 1 0 0 0 1 1 0 1 1 1 1 2 2 1 1 0 2 0 3 0 2 1 2 3 1 2 1 0 2 0 1 0 3 0 2 1 0 1 2 2 3 1 0 0 1 3 2 2 0 3 5 0 1 0 0 0 2 2 0 4 0 1 5 1 1 2 0 1 2 2 0 1 0 2 0 3 1 1 3 2 3 3 2 1 1 1 1 1 1 2 4 3 3 5 2 4 1 3 0 2 0 2 1 4 4 1 0 1 3 2 1 2 0 1 3 2 1 2 1 2 3 3 1 0 1 0 1 2 1 0 1 0 1 1 1 2 0 2 1 2 3 1 1 1 2 2 1 0 4 0 1 2 1 0 2 3 2 4 2 3 0 2 4 0 3 0 1 1 1 2 2 3 2 1 4 1 2 2 0 0 4 0 1 
___
*577+-
1 1 1 1 0 0 1 
Start Date: 0
1 102 153 0 0 0 0 1 0 2 0 0 0 0 0 1 0 0 0 0 0 0 1 0 1 0 0 2 1 0 1 0 2 1 0 3 1 0 0 0 0 1 1 0 1 0 0 1 2 2 0 1 0 0 1 0 1 0 0 1 1 1 1 0 1 0 0 1 0 1 1 0 0 0 0 1 3 2 0 0 0 2 0 0 2 1 0 2 1 1 3 0 3 0 2 0 0 0 1 1 0 1 1 0 0 1 1 1 1 0 0 0 0 0 0 0 0 0 0 0 0 0 0 0 0 0 0 0 0 0 0 0 0 0 0 0 0 0 0 0 0 0 0 0 0 0 0 0 0 0 0 0 0 0 0 0 0 0 0 0 0 0 0 0 0 0 0 0 0 0 0 0 0 0 0 0 0 0 0 0 0 0 0 0 0 0 0 0 0 0 0 0 0 0 0 0 0 0 0 0 0 0 0 0 0 0 0 0 0 0 0 0 0 0 0 0 0 0 0 0 0 0 0 0 0 0 0 0 0 0 0 0 0 0 0 0 0 0 0 0 0 0 0 0 0 0 0 0 0 0 0 0 0 0 0 0 0 0 0 0 0 0 0 0 0 0 0 0 0 0 0 0 0 0 0 0 0 0 0 0 0 0 0 0 0 0 0 0 0 0 0 0 0 0 0 0 0 0 0 0 0 0 0 0 0 0 0 0 0 0 0 0 0 0 0 0 0 0 0 0 0 0 0 0 0 0 0 0 0 0 0 0 0 0 0 0 0 0 0 0 0 0 0 0 0 0 0 0 0 0 0 0 0 0 0 0 0 0 0 0 0 0 0 0 0 0 0 0 0 0 0 0 0 0 0 0 0 0 0 0 0 0 0 0 0 0 0 0 0 0 0 0 0 0 0 0 0 0 0 0 0 0 0 0 0 0 0 0 0 0 0 0 0 0 0 0 0 0 0 0 0 0 0 0 0 0 0 0 0 0 0 0 0 0 0 0 0 0 0 0 0 0 0 0 0 0 0 0 0 0 0 0 0 0 0 0 0 0 0 0 0 0 0 0 0 0 0 0 0 0 0 0 0 0 0 0 0 0 0 0 0 0 0 0 0 0 0 0 0 0 0 0 0 0 0 0 0 0 0 0 0 0 0 0 0 0 0 0 0 0 0 0 0 0 0 0 0 0 0 0 0 0 0 0 0 0 0 0 0 0 0 0 0 0 0 0 0 0 0 0 0 0 0 0 0 0 0 0 0 0 0 0 0 0 0 0 0 0 0 0 0 0 0 0 0 0 0 0 0 0 0 0 0 0 0 0 0 0 0 0 0 0 0 0 0 0 0 0 0 0 0 0 0 0 0 0 0 0 0 0 0 0 0 0 0 0 0 0 0 0 0 0 0 0 0 0 0 0 0 0 0 0 0 0 0 0 0 0 0 0 0 0 0 0 0 0 0 0 0 0 0 0 0 0 0 0 0 0 0 0 0 0 0 0 0 0 0 0 0 0 0 0 0 0 0 0 0 0 0 0 0 0 0 0 0 0 0 0 0 0 0 0 0 0 0 0 0 0 0 0 0 0 0 0 0 0 0 0 0 0 0 0 0 0 0 0 0 0 0 0 0 0 0 0 0 0 0 0 0 0 0 0 0 0 0 0 0 0 0 0 0 0 0 0 0 0 0 0 0 0 0 0 0 0 0 0 0 0 0 0 0 0 0 0 0 0 0 0 0 0 0 0 0 0 0 0 0 0 0 0 0 0 0 0 0 0 0 0 0 0 0 0 0 0 0 0 0 0 0 0 0 0 0 0 0 0 0 0 0 0 0 0 0 0 0 0 0 0 0 0 0 0 0 0 0 0 0 0 0 0 0 0 0 0 0 0 0 0 0 0 0 0 0 0 0 0 0 0 0 0 0 0 0 0 0 0 0 0 0 0 0 0 0 0 0 0 0 0 0 0 0 0 0 0 0 0 0 0 0 0 0 0 0 0 0 0 0 0 0 0 0 0 0 0 0 0 0 0 0 0 0 0 0 0 0 0 0 0 0 0 0 0 0 0 0 0 0 0 0 0 0 0 0 0 0 0 0 0 0 0 0 0 0 0 0 0 0 0 0 0 0 0 0 0 0 0 0 0 0 0 0 0 0 0 0 0 0 0 0 0 0 0 0 0 0 0 0 0 0 0 0 0 0 0 0 0 0 0 0 0 0 0 0 0 0 0 0 0 0 0 0 0 0 0 0 0 0 0 0 0 0 0 0 0 0 0 0 0 0 0 0 0 
0 1 1 1 1 1 1 
Start Date: 5
0 0 0 0 0 13 46 37 25 14 14 15 7 5 5 9 2 4 0 3 1 4 3 2 0 2 0 0 1 3 0 1 0 1 0 2 0 1 1 0 2 1 1 0 0 0 0 1 0 1 0 0 0 0 1 0 1 1 0 1 0 0 0 0 0 0 0 0 0 0 0 0 0 0 0 0 0 0 0 0 0 0 0 0 0 0 0 0 0 0 0 0 0 0 0 0 0 0 0 0 0 0 0 0 0 0 0 0 0 0 0 0 0 0 0 0 0 0 0 0 0 0 0 0 0 0 0 0 0 0 0 0 0 0 0 0 0 0 0 0 0 0 0 0 0 0 0 0 0 0 0 0 0 0 0 0 0 0 0 0 0 0 0 0 0 0 0 0 0 0 0 0 0 0 0 0 0 0 0 0 0 0 0 0 0 0 0 0 0 0 0 0 0 0 0 0 0 0 0 0 0 0 0 0 0 0 0 0 0 0 0 0 0 0 0 0 0 0 0 0 0 0 0 0 0 0 0 0 0 0 0 0 0 0 0 0 0 0 0 0 0 0 0 0 0 0 0 0 0 0 0 0 0 0 0 0 0 0 0 0 0 0 0 0 0 0 0 0 0 0 0 0 0 0 0 0 0 0 0 0 0 0 0 0 0 0 0 0 0 0 0 0 0 0 0 0 0 0 0 0 0 0 0 0 0 0 0 0 0 0 0 0 0 0 0 0 0 0 0 0 0 0 0 0 0 0 0 0 0 0 0 0 0 0 0 0 0 0 0 0 0 0 0 0 0 0 0 0 0 0 0 0 0 0 0 0 0 0 0 0 0 0 0 0 0 0 0 0 0 0 0 0 0 0 0 0 0 0 0 0 0 0 0 0 0 0 0 0 0 0 0 0 0 0 0 0 0 0 0 0 0 0 0 0 0 0 0 0 0 0 0 0 0 0 0 0 0 0 0 0 0 0 0 0 0 0 0 0 0 0 0 0 0 0 0 0 0 0 0 0 0 0 0 0 0 0 0 0 0 0 0 0 0 0 0 0 0 0 0 0 0 0 0 0 0 0 0 0 0 0 0 0 0 0 0 0 0 0 0 0 0 0 0 0 0 0 0 0 0 0 0 0 0 0 0 0 0 0 0 0 0 0 0 0 0 0 0 0 0 0 0 0 0 0 0 0 0 0 0 0 0 0 0 0 0 0 0 0 0 0 0 0 0 0 0 0 0 0 0 0 0 0 0 0 0 0 0 0 0 0 0 0 0 0 0 0 0 0 0 0 0 0 0 0 0 0 0 0 0 0 0 0 0 0 0 0 0 0 0 0 0 0 0 0 0 0 0 0 0 0 0 0 0 0 0 0 0 0 0 0 0 0 0 0 0 0 0 0 0 0 0 0 0 0 0 0 0 0 0 0 0 0 0 0 0 0 0 0 0 0 0 0 0 0 0 0 0 0 0 0 0 0 0 0 0 0 0 0 0 0 0 0 0 0 0 0 0 0 0 0 0 0 0 0 0 0 0 0 0 0 0 0 0 0 0 0 0 0 0 0 0 0 0 0 0 0 0 0 0 0 0 0 0 0 0 0 0 0 0 0 0 0 0 0 0 0 0 0 0 0 0 0 0 0 0 0 0 0 0 0 0 0 0 0 0 0 0 0 0 0 0 0 0 0 0 0 0 0 0 0 0 0 0 0 0 0 0 0 0 0 0 0 0 0 0 0 0 0 0 0 0 0 0 0 0 0 0 0 0 0 0 0 0 0 0 0 0 0 0 0 0 0 0 0 0 0 0 0 0 0 0 0 0 0 0 0 0 0 0 0 0 0 0 0 0 0 0 0 0 0 0 0 0 0 0 0 0 0 0 0 0 0 0 0 0 0 0 0 0 0 0 0 0 0 0 0 0 0 0 0 0 0 0 0 0 0 0 0 0 0 0 0 0 0 0 0 0 0 0 0 0 0 0 0 0 0 0 0 0 0 0 0 0 0 0 0 0 0 0 0 0 0 0 0 0 0 0 0 0 0 0 0 0 0 0 0 0 0 0 0 0 0 0 0 0 0 0 0 0 0 0 0 0 0 0 0 0 0 0 0 0 0 0 0 0 0 0 0 0 0 0 0 0 0 0 0 0 0 0 0 0 0 0 0 0 0 0 0 0 0 0 0 0 0 0 0 0 0 0 0 0 0 0 0 0 0 0 0 0 0 0 0 0 0 0 0 0 0 0 0 0 0 0 0 0 0 0 0 0 0 0 0 0 0 0 0 0 0 0 0 
1 0 0 1 0 1 0 
Start Date: 10
0 0 0 0 0 0 0 0 0 0 5 8 7 1 4 3 2 2 0 1 0 1 0 0 2 0 2 1 1 2 2 1 0 0 1 0 1 1 1 0 2 3 0 2 2 0 0 2 0 0 0 0 1 3 0 0 0 1 2 0 0 0 1 0 0 0 1 1 0 1 3 0 0 1 0 0 0 1 0 0 0 1 0 0 0 0 0 0 0 1 0 0 0 0 0 0 1 2 0 1 1 1 0 2 1 2 0 1 0 0 0 0 2 3 0 2 0 1 0 0 0 0 3 3 0 0 1 3 2 0 1 1 0 1 0 2 0 3 2 0 1 0 1 1 0 2 1 2 2 0 2 2 3 1 0 1 4 1 1 0 2 1 0 1 2 1 0 1 2 0 0 0 2 0 0 2 3 1 1 0 2 1 1 0 1 0 1 1 0 1 3 2 1 1 1 0 1 0 1 1 0 3 0 0 5 1 1 1 1 2 0 1 2 0 0 0 0 0 0 0 0 0 0 0 3 1 1 1 0 0 2 1 2 3 3 0 3 0 0 4 0 1 2 3 1 0 0 1 0 0 5 0 1 1 0 0 3 2 2 0 1 2 0 0 0 3 1 1 3 1 0 0 1 0 0 1 2 1 0 0 2 2 0 1 3 0 0 2 1 2 1 2 0 1 0 1 0 1 0 2 0 0 2 1 5 1 2 0 3 1 0 0 1 0 0 1 2 0 1 1 2 3 0 0 1 1 2 2 2 2 1 0 1 0 0 3 4 1 1 0 0 2 1 1 0 1 1 2 0 2 1 3 2 1 0 1 2 0 0 2 1 1 2 1 3 0 1 1 3 1 1 2 0 1 1 3 0 0 2 3 3 0 1 0 3 2 1 0 0 1 0 2 1 2 0 0 2 2 2 2 1 1 2 1 0 0 0 1 1 0 1 0 1 1 2 0 3 0 0 1 0 3 1 0 1 1 1 1 0 1 2 1 0 0 0 0 1 3 0 3 4 2 0 1 1 1 1 3 1 0 2 2 1 2 2 1 0 2 2 0 0 2 3 1 2 3 2 1 4 5 0 3 0 1 2 0 1 2 1 0 0 0 1 0 0 3 1 0 1 0 2 1 0 2 0 1 2 1 2 2 1 3 2 1 2 2 0 3 0 3 1 1 1 2 1 4 0 4 2 3 3 0 1 2 3 1 2 3 0 0 0 1 2 0 1 0 1 0 1 2 0 2 1 0 2 1 1 0 3 0 1 1 1 1 0 3 1 1 0 2 2 4 1 2 0 0 3 0 1 2 0 2 1 1 0 1 0 0 1 1 2 1 2 1 3 1 0 1 3 1 1 1 1 0 4 2 4 3 0 0 1 2 1 1 3 2 1 3 0 0 1 0 0 1 1 1 1 0 1 0 1 3 2 0 1 1 1 0 1 3 1 2 0 2 1 1 1 3 2 3 0 3 0 1 0 3 1 1 0 2 6 2 2 2 2 4 0 0 0 0 1 1 3 2 2 0 1 1 1 2 5 1 3 2 1 0 1 4 3 2 3 1 1 0 2 2 0 0 3 0 1 2 0 4 2 2 0 2 1 0 3 2 1 0 1 3 1 5 4 0 3 5 1 1 3 1 2 0 3 2 1 1 2 1 1 1 4 1 0 1 0 2 2 0 1 0 0 2 2 2 0 2 1 1 5 2 0 0 4 2 0 0 3 1 1 0 2 0 0 2 0 3 1 0 1 0 2 1 4 1 3 0 1 3 0 2 2 0 1 1 2 1 0 2 0 1 0 2 2 1 0 0 1 4 1 2 0 0 3 1 2 1 2 3 0 0 1 1 1 1 2 0 0 0 1 1 0 1 2 1 3 0 0 2 0 4 0 2 1 1 1 1 4 0 3 0 2 0 2 0 2 1 0 1 0 1 1 1 2 2 0 2 1 3 2 1 2 1 1 2 1 2 0 2 5 2 0 0 1 2 1 2 2 0 1 3 3 2 2 1 0 1 0 0 2 2 1 3 3 1 0 3 1 2 5 1 1 2 1 1 3 1 5 0 4 3 2 2 4 1 2 3 2 2 0 2 4 2 2 2 0 3 1 1 2 3 2 1 3 4 1 1 0 0 1 2 2 1 1 0 0 0 0 0 0 2 3 2 2 1 4 0 1 0 0 0 4 1 2 1 2 0 1 0 3 2 0 0 5 2 2 6 2 0 3 3 1 4 2 1 1 0 1 1 1 0 2 2 3 1 2 0 2 1 1 1 2 3 0 1 
0 1 0 1 1 1 1 
Start Date: 15
0 0 0 0 0 0 0 0 0 0 0 0 0 0 0 2 2 3 3 2 1 2 0 0 2 3 1 0 0 0 1 0 0 0 0 1 0 0 0 0 1 0 0 0 0 1 0 0 0 1 0 0 0 0 0 0 0 0 0 0 0 0 0 0 0 0 1 0 0 0 0 0 0 0 0 0 0 0 0 0 0 0 0 0 0 0 0 0 0 0 0 0 0 0 0 0 0 0 0 0 0 0 0 0 0 0 0 0 0 0 0 0 0 0 0 0 0 0 0 0 0 0 0 0 0 0 0 0 0 0 0 0 0 0 0 0 0 0 0 0 0 0 0 0 0 0 0 0 0 0 0 0 0 0 0 0 0 0 0 0 0 0 0 0 0 0 0 0 0 0 0 0 0 0 0 0 0 0 0 0 0 0 0 0 0 0 0 0 0 0 0 0 0 0 0 0 0 0 0 0 0 0 0 0 0 0 0 0 0 0 0 0 0 0 0 0 0 0 0 0 0 0 0 0 0 0 0 0 0 0 0 0 0 0 0 0 0 0 0 0 0 0 0 0 0 0 0 0 0 0 0 0 0 0 0 0 0 0 0 0 0 0 0 0 0 0 0 0 0 0 0 0 0 0 0 0 0 0 0 0 0 0 0 0 0 0 0 0 0 0 0 0 0 0 0 0 0 0 0 0 0 0 0 0 0 0 0 0 0 0 0 0 0 0 0 0 0 0 0 0 0 0 0 0 0 0 0 0 0 0 0 0 0 0 0 0 0 0 0 0 0 0 0 0 0 0 0 0 0 0 0 0 0 0 0 0 0 0 0 0 0 0 0 0 0 0 0 0 0 0 0 0 0 0 0 0 0 0 0 0 0 0 0 0 0 0 0 0 0 0 0 0 0 0 0 0 0 0 0 0 0 0 0 0 0 0 0 0 0 0 0 0 0 0 0 0 0 0 0 0 0 0 0 0 0 0 0 0 0 0 0 0 0 0 0 0 0 0 0 0 0 0 0 0 0 0 0 0 0 0 0 0 0 0 0 0 0 0 0 0 0 0 0 0 0 0 0 0 0 0 0 0 0 0 0 0 0 0 0 0 0 0 0 0 0 0 0 0 0 0 0 0 0 0 0 0 0 0 0 0 0 0 0 0 0 0 0 0 0 0 0 0 0 0 0 0 0 0 0 0 0 0 0 0 0 0 0 0 0 0 0 0 0 0 0 0 0 0 0 0 0 0 0 0 0 0 0 0 0 0 0 0 0 0 0 0 0 0 0 0 0 0 0 0 0 0 0 0 0 0 0 0 0 0 0 0 0 0 0 0 0 0 0 0 0 0 0 0 0 0 0 0 0 0 0 0 0 0 0 0 0 0 0 0 0 0 0 0 0 0 0 0 0 0 0 0 0 0 0 0 0 0 0 0 0 0 0 0 0 0 0 0 0 0 0 0 0 0 0 0 0 0 0 0 0 0 0 0 0 0 0 0 0 0 0 0 0 0 0 0 0 0 0 0 0 0 0 0 0 0 0 0 0 0 0 0 0 0 0 0 0 0 0 0 0 0 0 0 0 0 0 0 0 0 0 0 0 0 0 0 0 0 0 0 0 0 0 0 0 0 0 0 0 0 0 0 0 0 0 0 0 0 0 0 0 0 0 0 0 0 0 0 0 0 0 0 0 0 0 0 0 0 0 0 0 0 0 0 0 0 0 0 0 0 0 0 0 0 0 0 0 0 0 0 0 0 0 0 0 0 0 0 0 0 0 0 0 0 0 0 0 0 0 0 0 0 0 0 0 0 0 0 0 0 0 0 0 0 0 0 0 0 0 0 0 0 0 0 0 0 0 0 0 0 0 0 0 0 0 0 0 0 0 0 0 0 0 0 0 0 0 0 0 0 0 0 0 0 0 0 0 0 0 0 0 0 0 0 0 0 0 0 0 0 0 0 0 0 0 0 0 0 0 0 0 0 0 0 0 0 0 0 0 0 0 0 0 0 0 0 0 0 0 0 0 0 0 0 0 0 0 0 0 0 0 0 0 0 0 0 0 0 0 0 0 0 0 0 0 0 0 0 0 0 0 0 0 0 0 0 0 0 0 0 0 0 0 0 0 0 0 0 0 0 0 0 0 0 0 0 0 0 0 0 0 0 0 0 0 0 0 0 0 0 0 0 0 0 0 0 0 0 0 0 0 0 0 0 0 0 0 0 0 0 0 0 0 0 0 0 0 0 0 0 0 0 0 0 0 0 0 0 0 0 0 0 0 0 0 0 
*577+-
___
